#101316,#303942,#e7be45,#ffffff,#303942,#afb7bf,#7a8289,#e6eaef
